


--- New experiment --
Providers = 5
Topology = 41
Locations = 5
Requests = 50
Utilization = 0.98
VCG_payments = [42218.0434421619, 59963.5845121240, 8757.42761323694, 8695.15051322324, 296.051572953947]
VCG_payments_total = 119930.257653700
VSP_payments = [3034.9965159486756, 1784.7604253492696, 1260.3938989048547, 3628.001169657334, 3845.8532090689964, 4136.313889142795, 2236.946096317908, 4171.554747772756, 5796.059281503879, 2429.257271212515, 6517.134070993476, 2738.4742352134263, 5711.869874967826, 3020.8842749222804, 6347.465116127345, 4593.68093067738, 4824.691424860806, 4417.384561581609, 3748.6102001612644, 923.9031907543987, 3487.8597355118927, 3495.005843986007, 3227.9856126928335, 2340.4614650864773, 2905.7938729551684, 3118.6131315429175, 3522.3079332255497, 3108.0386288793666, 2664.0030145683036, 2246.904819002543, 2816.760799408015, 2478.5404920376036, 5692.887110133779, 2524.3245669949683, 3812.4286509229687, 2392.3499312951294, 4769.135237061288, 2519.735726397265, 3618.0918720626755, 8451.772086108256, 3050.0564816818483, 3662.680075406788, 2340.8239673496428, 4613.511603106372, 1087.2453198693092, 2695.4912924886944, 3236.310052294007, 4588.565070876901, 2370.49080345204, 8132.381948567778]
VSP_payments_total = 180138.79153010517
Surplus= 59284.6306856506
InfSP_costs = [18388.0863600730, 22745.2910556518, 8579.93616281815, 6529.09865491235, 255.532387958527]
InfSP_total_cost = 56497.9446214138
Total_Profit = 63432.3130322863
Strategic_Provider = 4
Individual_Profit_VCG = [23829.9570820890, 37218.2934564722, 177.491450418791, 2166.05185831089, 40.5191849954208]
Final_InfSP_payments = []
Individual_Profits_after_surplus_distribution = []
Topology= [(1, 1), (1, 2), (1, 3), (1, 4), (1, 5), (2, 2), (2, 3), (2, 5), (3, 1), (3, 5), (4, 1), (4, 4), (5, 1), (5, 4), (5, 5)]


--- New experiment --
Providers = 5
Topology = 42
Locations = 5
Requests = 50
Utilization = 0.74
VCG_payments = [98.7782431855594, 28012.0379605897, 5477.63747048237, 25560.0869930915, 37140.2362986650]
VCG_payments_total = 96288.7769660142
VSP_payments = [3091.34307268899, 3884.8845190980655, 5101.121027435362, 3141.797713501736, 2353.4333732968626, 3689.571569120131, 4962.009545000174, 5637.543569862884, 4413.457995423128, 3303.8160354408155, 3520.6703554259225, 3905.9014165867707, 3118.2709483115195, 2680.046366271787, 3918.850525871245, 2082.43296430006, 4621.158871963208, 6914.404802775074, 3179.028716793714, 5294.892098432216, 2312.0114218876847, 4813.955159689454, 3138.373247212993, 2246.418076249732, 2108.1571320924168, 2156.656340729534, 3915.4156505746214, 3091.454095736016, 2993.8614929455653, 4001.875091991839, 3262.605521723195, 4012.6584117134976, 3426.4830641082845, 1674.3050743761214, 6976.3552587561135, 2778.606339574916, 2406.2628382900884, 3359.031269731455, 7951.8259373309265, 4215.309142234752, 6254.531493589903, 4052.2552574529695, 2406.8296646966483, 4207.867934910525, 4551.427254741091, 3312.401531383333, 1763.127115041416, 3818.595898606395, 3500.9813338465465, 2392.6302356681513]
VSP_payments_total = 185916.9037744859
Surplus= 50463.5662267959
InfSP_costs = [73.9466522163411, 7833.87499514134, 5438.43763000874, 18502.1844121941, 3860.27278337406]
InfSP_total_cost = 35708.7164729346
Total_Profit = 60580.0604930796
Strategic_Provider = 4
Individual_Profit_VCG = [24.8315909692183, 20178.1629654484, 39.1998404736241, 7057.90258089739, 33279.9635152910]
Final_InfSP_payments = []
Individual_Profits_after_surplus_distribution = []
Topology= [(1, 3), (2, 1), (2, 2), (2, 3), (2, 5), (3, 3), (3, 5), (4, 2), (4, 3), (4, 4), (5, 1), (5, 2), (5, 4), (5, 5)]

